2 0.088379 0.608724 0.030273999999999995 0.022136000000000045
2 0.38916 0.5429685 0.04199200000000003 0.01041700000000001
2 0.421875 0.6380205 0.025390000000000024 0.01822900000000005
2 0.490234 0.544922 0.04492200000000002 0.006510000000000016
2 0.4980465 0.6484375 0.06054700000000002 0.0208330000000001
2 0.5634764999999999 0.6334635 0.042968999999999924 0.011718999999999924
2 0.5761719999999999 0.547526 0.04882799999999998 0.011718000000000006
2 0.6767574999999999 0.5520835 0.06054700000000002 0.01041700000000001
2 0.7973635 0.5540365 0.053711000000000064 0.014322999999999975
2 0.8769530000000001 0.7916665 0.050781999999999994 0.06770899999999991
2 0.897949 0.5553385 0.047852000000000006 0.014322999999999975
2 0.8950195 0.6009115 0.02636700000000003 0.022135000000000016
