2 0.062778 0.5684375 0.125556 0.06687500000000002
2 0.2483335 0.41031249999999997 0.154445 0.030624999999999958
2 0.6766665000000001 0.74375 0.26444499999999993 0.16749999999999998
2 0.8983335 0.3184375 0.10555500000000007 0.020625000000000004
2 0.9750000000000001 0.5703125 0.04777799999999999 0.0631250000000001
2 0.9916665 0.415625 0.014445000000000041 0.04125000000000001
1 0.20666700000000002 0.655 0.14222200000000002 0.05125000000000002
1 0.5188889999999999 0.391875 0.033334000000000086 0.01874999999999999
1 0.7605554999999999 0.63625 0.13444500000000004 0.04125000000000001
3 0.3205555 0.341875 0.381111 0.19874999999999998
