2 0.0825 0.5762499999999999 0.11875 0.025834000000000024
2 0.1940625 0.49083350000000003 0.029374999999999984 0.013332999999999984
2 0.1953125 0.48624999999999996 0.029374999999999984 0.012500000000000011
2 0.339375 0.92125 0.30000000000000004 0.12749999999999995
2 0.3259375 0.54125 0.09187499999999998 0.019166000000000016
2 0.35531250000000003 0.47333349999999996 0.011875000000000024 0.006667000000000034
2 0.499375 0.5270835 0.07250000000000001 0.02083299999999999
2 0.70875 0.7483335 0.16999999999999993 0.06666700000000003
2 0.6740625 0.510417 0.05687500000000001 0.022499999999999964
2 0.665 0.509583 0.03125 0.007500000000000062
2 0.7434375 0.49250000000000005 0.015625 0.013334000000000013
2 0.7528125 0.49583350000000004 0.018124999999999947 0.006667000000000034
2 0.9553125 0.659583 0.08812500000000001 0.03749999999999998
