2 0.1985715 0.7967744999999999 0.397143 0.09247299999999992
2 0.3392855 0.708602 0.678571 0.2645160000000001
2 0.119286 0.7 0.23571399999999998 0.12258000000000002
2 0.2 0.6354839999999999 0.051428 0.02365600000000001
2 0.3057145 0.6892475 0.05142899999999995 0.04516100000000001
2 0.3214285 0.643011 0.057143 0.030108000000000024
2 0.48214250000000003 0.6731185 0.292857 0.12473100000000004
2 0.542143 0.792473 0.201428 0.12688199999999994
2 0.7907145 0.632258 0.14142900000000003 0.034407999999999994
2 0.890714 0.6537634999999999 0.12428600000000001 0.03870899999999999
