3 0.7715625 0.6045965 0.17062500000000003 0.19981300000000002
3 0.030625 0.4329265 0.06125 0.117261
3 0.0325 0.551126 0.065 0.10787999999999998
3 0.1125 0.4282365 0.11000000000000001 0.11913699999999999
3 0.1571875 0.431989 0.023125000000000007 0.104128
3 0.215625 0.5333019999999999 0.11875000000000002 0.11726000000000003
3 0.211875 0.424484 0.10625000000000001 0.10788000000000003
3 0.3053125 0.5290805000000001 0.08812500000000001 0.12195100000000003
3 0.390625 0.5248595 0.08250000000000002 0.11726099999999995
3 0.6296875 0.5590995 0.13937499999999992 0.14258900000000002
3 0.899375 0.606473 0.14875000000000005 0.19230800000000003
