3 0.21250049999999998 0.4125 0.421875 0.5791660000000001
2 0.208594 0.8 0.417188 0.26666599999999996
2 0.43046850000000003 0.0947915 0.11718699999999999 0.027082999999999996
2 0.5875 0.6927085 0.3125 0.16041699999999992
2 0.5898435 0.253125 0.14531300000000003 0.056249999999999994
2 0.871094 0.690625 0.254688 0.152084
3 0.16171850000000002 0.0958335 0.22656300000000001 0.191667
3 0.417188 0.0489585 0.125 0.097917
3 0.585156 0.140625 0.19218800000000003 0.28125
3 0.8164065 0.35312499999999997 0.364063 0.42291599999999996
3 0.817969 0.103125 0.176562 0.15625
