0 0.0421875 0.1591665 0.083125 0.256667
0 0.09968750000000001 0.165 0.07312500000000001 0.251666
0 0.1625 0.200417 0.04375000000000001 0.1875
0 0.190625 0.0604165 0.03874999999999998 0.120833
0 0.21218749999999997 0.2033335 0.048125 0.19666700000000004
0 0.305 0.40291699999999997 0.10499999999999998 0.4275
0 0.3521875 0.339167 0.07187500000000002 0.365
0 0.358125 0.238333 0.03999999999999998 0.15999999999999998
0 0.3975 0.235833 0.03125 0.15499999999999997
0 0.4221875 0.2191665 0.051875000000000004 0.15666699999999997
