0 0.09437499999999999 0.55875 0.15625 0.859166
0 0.19406250000000003 0.5758335 0.14062500000000003 0.8116669999999999
0 0.2859375 0.5587500000000001 0.09437500000000001 0.794166
0 0.395 0.579167 0.07750000000000001 0.825
0 0.4865625 0.5516665000000001 0.08312499999999995 0.8183330000000001
0 0.5865625 0.5708335 0.08937499999999998 0.808333
0 0.6928125 0.555417 0.0993750000000001 0.7975
0 0.7903125 0.56125 0.16812499999999997 0.7858339999999999
0 0.88375 0.569167 0.1775 0.79
0 0.9340625 0.462083 0.130625 0.5974999999999999
0 0.9896875 0.24875000000000003 0.01937500000000003 0.1675
