3 0.6103125 0.7796050000000001 0.39187500000000003 0.37688
3 0.1278125 0.481673 0.184375 0.273496
3 0.35843749999999996 0.37875899999999996 0.215625 0.17481200000000002
3 0.57125 0.319079 0.08250000000000002 0.19454799999999997
3 0.67875 0.2716165 0.08750000000000002 0.14661699999999997
3 0.8140625 0.5220865 0.285625 0.36184299999999997
3 0.7749999999999999 0.237782 0.05874999999999997 0.14849599999999996
3 0.8440624999999999 0.17246250000000002 0.06937500000000008 0.109963
3 0.905625 0.399906 0.1875 0.24530000000000002
3 0.925 0.2730265 0.14374999999999993 0.04417300000000002
3 0.9609375 0.225564 0.07687500000000003 0.05451199999999998
3 0.9859375 0.17340250000000001 0.026874999999999982 0.05357100000000001
