3 0.113125 0.7129455 0.03749999999999999 0.08067500000000005
3 0.141875 0.9080675 0.09499999999999999 0.14821700000000004
3 0.1875 0.684803 0.07874999999999999 0.07504600000000006
3 0.18375 0.8649155 0.06 0.14634099999999994
3 0.1825 0.628987 0.04749999999999999 0.04784200000000005
3 0.210625 0.597092 0.06 0.03471000000000002
3 0.23625000000000002 0.8241085 0.06999999999999998 0.137899
3 0.25625 0.672608 0.05124999999999999 0.06941799999999998
3 0.2496875 0.6013135000000001 0.03312499999999999 0.05440900000000004
3 0.26187499999999997 0.6242965 0.03999999999999998 0.03470899999999999
3 0.31937499999999996 0.802064 0.11874999999999997 0.133208
3 0.290625 0.5924015 0.05375000000000002 0.03658499999999998
3 0.3190625 0.674484 0.07437500000000002 0.065666
3 0.32125 0.6252344999999999 0.04125000000000001 0.025329000000000046
3 0.38375000000000004 0.674484 0.04999999999999999 0.07316999999999996
3 0.38875000000000004 0.6149155 0.06 0.04596699999999998
3 0.3803125 0.5867724999999999 0.030625000000000013 0.032833
3 0.4146875 0.783771 0.08187499999999998 0.10787999999999998
3 0.44375 0.6683865 0.07 0.06848100000000001
3 0.43156249999999996 0.609756 0.043125000000000024 0.048779999999999935
3 0.4321875 0.5783305000000001 0.03687499999999999 0.030957000000000012
3 0.47375 0.615854 0.03875000000000001 0.04408999999999996
3 0.5171875 0.7753285 0.12312499999999998 0.12101300000000004
3 0.52 0.6693245 0.07374999999999998 0.06285099999999999
3 0.5028125 0.586773 0.03187500000000004 0.02157600000000004
3 0.516875 0.611163 0.04249999999999998 0.042213999999999974
3 0.55 0.5848964999999999 0.04749999999999999 0.029081000000000023
3 0.565 0.6088180000000001 0.05874999999999997 0.046903999999999946
3 0.5871875 0.6566605000000001 0.06812499999999999 0.06941900000000001
3 0.6203125 0.7631334999999999 0.10562499999999997 0.09474700000000003
3 0.59625 0.577392 0.039999999999999925 0.029079999999999995
3 0.6134375000000001 0.600844 0.04062500000000002 0.038461999999999996
3 0.6359375 0.577392 0.03687499999999999 0.04408999999999996
3 0.655 0.6547845000000001 0.050000000000000044 0.07317099999999999
3 0.6525000000000001 0.60272 0.03749999999999998 0.042213999999999974
3 0.670625 0.5802065000000001 0.04500000000000004 0.03846099999999997
3 0.721875 0.7434335000000001 0.09625000000000006 0.10412699999999997
3 0.7050000000000001 0.6463414999999999 0.05999999999999994 0.06003700000000001
3 0.69875 0.6022514999999999 0.03500000000000003 0.05253300000000005
3 0.7328125 0.6017825 0.038124999999999964 0.03658500000000009
3 0.754375 0.642589 0.04125000000000001 0.06754199999999999
3 0.8121875000000001 0.739681 0.08687499999999992 0.11538400000000004
3 0.7946875 0.6388365 0.03937499999999994 0.05628500000000003
3 0.8253125 0.573171 0.02187500000000009 0.048780000000000046
3 0.8503125 0.638837 0.07187500000000002 0.060038000000000036
3 0.8940625 0.731707 0.07437499999999997 0.08817999999999993
3 0.9590624999999999 0.7242025 0.08062500000000006 0.09568500000000002
