3 0.1796875 0.570833 0.22062499999999996 0.25000000000000006
3 0.43625 0.4545835 0.08500000000000002 0.17916699999999997
3 0.48031250000000003 0.332917 0.05937500000000001 0.07750000000000001
3 0.55875 0.3325 0.043749999999999956 0.06
3 0.5703125 0.3833335 0.05437500000000006 0.11166699999999996
3 0.6028125 0.3358335 0.046875 0.06833299999999998
3 0.6365625 0.30333350000000003 0.059374999999999956 0.05666699999999997
3 0.6487499999999999 0.3425 0.04500000000000004 0.12000000000000005
3 0.655 0.336667 0.04249999999999998 0.10999999999999999
3 0.650625 0.265 0.02124999999999999 0.04666600000000001
