0 0.8728125 0.2054165 0.208125 0.400833
0 0.0140625 0.7370835 0.028125 0.1991670000000001
0 0.025625 0.8170835000000001 0.05125 0.364167
0 0.0659375 0.7870835 0.091875 0.42416700000000007
0 0.0975 0.2795835 0.03875000000000001 0.329167
0 0.1171875 0.8208335 0.046875 0.35666700000000007
0 0.1390625 0.27999999999999997 0.033125000000000016 0.318334
0 0.166875 0.8258335 0.04749999999999999 0.34666700000000006
0 0.185 0.2795835 0.035 0.345833
0 0.2140625 0.8170835000000001 0.046875 0.364167
0 0.2509375 0.282917 0.024375000000000008 0.34249999999999997
0 0.2896875 0.28125 0.029374999999999984 0.32583399999999996
0 0.31875 0.2925 0.026249999999999996 0.303334
0 0.35562499999999997 0.8004169999999999 0.028749999999999998 0.3975000000000001
0 0.36 0.27791699999999997 0.02124999999999999 0.33249999999999996
0 0.39093750000000005 0.8025 0.02812500000000001 0.3933340000000001
0 0.3921875 0.2679165 0.023125000000000007 0.34583299999999995
0 0.433125 0.26875 0.03250000000000003 0.324166
0 0.4375 0.7941670000000001 0.026249999999999996 0.41000000000000003
0 0.45875 0.2775 0.030000000000000027 0.306666
0 0.476875 0.79625 0.030000000000000027 0.38749999999999996
0 0.4975 0.2704165 0.025000000000000022 0.32083300000000003
0 0.5265625 0.7975 0.028125000000000067 0.4033340000000001
0 0.57625 0.21541649999999998 0.04249999999999998 0.389167
0 0.575 0.7941670000000001 0.03749999999999998 0.41000000000000003
0 0.6187499999999999 0.796667 0.03749999999999998 0.405
0 0.61625 0.225417 0.030000000000000027 0.3725
0 0.65375 0.20375 0.03500000000000003 0.384166
0 0.6690625 0.7958335000000001 0.05812499999999998 0.406667
0 0.690625 0.21916650000000001 0.036250000000000004 0.366667
0 0.7140625 0.796667 0.06187500000000001 0.405
0 0.723125 0.2179165 0.03125 0.390833
0 0.766875 0.8395835 0.06000000000000005 0.319167
0 0.7584375 0.2175 0.024375000000000036 0.356666
0 0.7965625000000001 0.22125 0.030625000000000013 0.36750000000000005
0 0.8315625 0.21541649999999998 0.030625000000000013 0.389167
0 0.86625 0.2091665 0.036250000000000004 0.37333299999999997
0 0.903125 0.2045835 0.039999999999999925 0.379167
0 0.93875 0.2033335 0.03874999999999995 0.37166699999999997
